function junk_ids = junk_ids_052318()
junk_ids=[7582
7266
6393
6357
3401
5018
14732
14014
36450
27735
18156
11715
7789
10627
16020
25923
27028
18854
13674
22490
20806
259627
9786
10741
14831
20862
10218
17939
16269
22778
24013
22159
11012
17687
517038]