function junk_ids = junk_ids_070218sample()
junk_ids = [
    726076
723369
733623
47482
57495
29645
38809
42263
44407
34278
34864
38423
46466
54369
42447
761308
766633
68082
62342
48915
45446
65857
52028
57369
43271
35821
53786
50134
42644
36115
50977
42408
55633
50312
39295
50596
45017
37638
58518
57084
60200
38187
36515
60539
44411
39333
41774
47722
45594
38178
46526
51069
41058
49224
46827
44040
62588
66683
63408
210975
67196
59511
27859
217255
267388
264752
271140
235856
776871
];